12
12
12
12
12
12
1281
1281
1281
1281
12816
128163
128163
128163
1281635
1281635
1281635
1281635
1281635
1281635
1281635
1281635
128163
128163
12816371
12816371
12816371
12816371
12816371
12816371
12816371
12816371
1281637
1281637
12816374
12816374
12816374
12816374
128163746
128163746
128163746
128163746
128163746
128163746
128163746
128163746
12816374
12816374
12816374
12816374
1281637
1281637
1281637
1281637
1281637
1281637
128163
128163
128163
12816
128164
128164
128164
128164
128164
12816471
12816471
12816471
12816471
12816471
12816471
12816471
12816471
1281647
12816473
12816473
12816473
128164735
128164735
128164735
128164735
128164735
128164735
128164735
128164735
12816473
128164736
128164736
128164736
128164736
128164736
128164736
128164736
128164736
12816473
12816473
12816473
12816473
1281647
1281647
1281647
1281647
1281647
1281647
1281647
128164
128164
128164
12816
12816
12816
12816
12816
12816
1281
12817
128173
128173
128173
1281735
1281735
1281735
1281735
1281735
1281735
1281735
1281735
128173
12817361
12817361
12817361
12817361
12817361
12817361
12817361
12817361
1281736
1281736
12817364
12817364
12817364
12817364
12817364
128173647
128173647
128173647
128173647
128173647
128173647
128173647
128173647
12817364
12817364
12817364
1281736
1281736
1281736
1281736
1281736
1281736
128173
128173
128173
128173
12817
128174
128174
128174
128174
12817461
12817461
12817461
12817461
12817461
12817461
12817461
12817461
1281746
12817463
12817463
12817463
128174635
128174635
128174635
128174635
128174635
128174635
128174635
128174635
12817463
12817463
128174637
128174637
128174637
128174637
128174637
128174637
128174637
128174637
12817463
12817463
12817463
1281746
1281746
1281746
1281746
1281746
1281746
1281746
128174
128174
128174
128174
12817
12817
12817
12817
12817
12817
1281
1281
1281
128
128
128
128
128
128
128
128
12
12
1
1
1
1
16
163
163
163
1635
1635
1635
1635
1635
1635
1635
1635
163
163
163712
163712
163712
163712
163712
163712
16371281
16371281
16371281
16371281
16371281
16371281
16371281
16371281
1637128
1637128
1637128
1637128
1637128
1637128
1637128
1637128
163712
163712
16371
16371
16371
16371
16371
16371
16371821
16371821
16371821
16371821
16371821
16371821
16371821
16371821
1637182
1637182
1637182
1637182
1637182
1637182
1637182
1637182
163718
163718
163718
163718
163718
163718
163718
163718
16371
16371
1637
1637
16374
16374
16374
16374
163746
163746
163746
163746
163746
163746
163746
163746
16374
16374
16374
16374
1637
1637
1637
1637
1637
1637
163
163
163
16
164
164
164
164
164
164712
164712
164712
164712
164712
164712
16471281
16471281
16471281
16471281
16471281
16471281
16471281
16471281
1647128
1647128
1647128
1647128
1647128
1647128
1647128
1647128
164712
164712
16471
16471
16471
16471
16471
16471
16471821
16471821
16471821
16471821
16471821
16471821
16471821
16471821
1647182
1647182
1647182
1647182
1647182
1647182
1647182
1647182
164718
164718
164718
164718
164718
164718
164718
164718
16471
16471
1647
16473
16473
16473
164735
164735
164735
164735
164735
164735
164735
164735
16473
164736
164736
164736
164736
164736
164736
164736
164736
16473
16473
16473
16473
1647
1647
1647
1647
1647
1647
1647
164
164
164
16
16
16
16
16
16
1
17
173
173
173
1735
1735
1735
1735
1735
1735
1735
1735
173
173612
173612
173612
173612
173612
173612
17361281
17361281
17361281
17361281
17361281
17361281
17361281
17361281
1736128
1736128
1736128
1736128
1736128
1736128
1736128
1736128
173612
173612
17361
17361
17361
17361
17361
17361
17361821
17361821
17361821
17361821
17361821
17361821
17361821
17361821
1736182
1736182
1736182
1736182
1736182
1736182
1736182
1736182
173618
173618
173618
173618
173618
173618
173618
173618
17361
17361
1736
1736
17364
17364
17364
17364
17364
173647
173647
173647
173647
173647
173647
173647
173647
17364
17364
17364
1736
1736
1736
1736
1736
1736
173
173
173
173
17
174
174
174
174
174612
174612
174612
174612
174612
174612
17461281
17461281
17461281
17461281
17461281
17461281
17461281
17461281
1746128
1746128
1746128
1746128
1746128
1746128
1746128
1746128
174612
174612
17461
17461
17461
17461
17461
17461
17461821
17461821
17461821
17461821
17461821
17461821
17461821
17461821
1746182
1746182
1746182
1746182
1746182
1746182
1746182
1746182
174618
174618
174618
174618
174618
174618
174618
174618
17461
17461
1746
17463
17463
17463
174635
174635
174635
174635
174635
174635
174635
174635
17463
17463
174637
174637
174637
174637
174637
174637
174637
174637
17463
17463
17463
1746
1746
1746
1746
1746
1746
1746
174
174
174
174
17
17
17
17
17
17
1
1821
1821
1821
1821
18216
182163
182163
182163
1821635
1821635
1821635
1821635
1821635
1821635
1821635
1821635
182163
182163
18216371
18216371
18216371
18216371
18216371
18216371
18216371
18216371
1821637
1821637
18216374
18216374
18216374
18216374
182163746
182163746
182163746
182163746
182163746
182163746
182163746
182163746
18216374
18216374
18216374
18216374
1821637
1821637
1821637
1821637
1821637
1821637
182163
182163
182163
18216
182164
182164
182164
182164
182164
18216471
18216471
18216471
18216471
18216471
18216471
18216471
18216471
1821647
18216473
18216473
18216473
182164735
182164735
182164735
182164735
182164735
182164735
182164735
182164735
18216473
182164736
182164736
182164736
182164736
182164736
182164736
182164736
182164736
18216473
18216473
18216473
18216473
1821647
1821647
1821647
1821647
1821647
1821647
1821647
182164
182164
182164
18216
18216
18216
18216
18216
18216
1821
18217
182173
182173
182173
1821735
1821735
1821735
1821735
1821735
1821735
1821735
1821735
182173
18217361
18217361
18217361
18217361
18217361
18217361
18217361
18217361
1821736
1821736
18217364
18217364
18217364
18217364
18217364
182173647
182173647
182173647
182173647
182173647
182173647
182173647
182173647
18217364
18217364
18217364
1821736
1821736
1821736
1821736
1821736
1821736
182173
182173
182173
182173
18217
182174
182174
182174
182174
18217461
18217461
18217461
18217461
18217461
18217461
18217461
18217461
1821746
18217463
18217463
18217463
182174635
182174635
182174635
182174635
182174635
182174635
182174635
182174635
18217463
18217463
182174637
182174637
182174637
182174637
182174637
182174637
182174637
182174637
18217463
18217463
18217463
1821746
1821746
1821746
1821746
1821746
1821746
1821746
182174
182174
182174
182174
18217
18217
18217
18217
18217
18217
1821
1821
1821
182
182
182
182
182
182
182
182
18
18
18
18
18
18
18
18
1
1
